At time 1730268987.940706687
- Translation: [1.544, 3.544, 0.000]
- Rotation: in Quaternion [0.000, 0.000, 0.000, 1.000]
- Rotation: in RPY (radian) [0.000, -0.000, 0.000]
- Rotation: in RPY (degree) [0.000, -0.000, 0.000]
- Matrix:
  1.000  0.000  0.000  1.544
  0.000  1.000  0.000  3.544
  0.000  0.000  1.000  0.000
  0.000  0.000  0.000  1.000
At time 1730268988.932774596
- Translation: [2.182, 2.730, 0.000]
- Rotation: in Quaternion [0.000, 0.000, -0.212, 0.977]
- Rotation: in RPY (radian) [0.000, 0.000, -0.427]
- Rotation: in RPY (degree) [0.000, 0.000, -24.452]
- Matrix:
  0.910  0.414  0.000  2.182
 -0.414  0.910 -0.000  2.730
 -0.000  0.000  1.000  0.000
  0.000  0.000  0.000  1.000
At time 1730268989.940377333
- Translation: [1.976, 0.652, 0.000]
- Rotation: in Quaternion [0.000, 0.000, -0.611, 0.792]
- Rotation: in RPY (radian) [0.000, 0.000, -1.314]
- Rotation: in RPY (degree) [0.000, 0.000, -75.289]
- Matrix:
  0.254  0.967  0.000  1.976
 -0.967  0.254 -0.000  0.652
 -0.000  0.000  1.000  0.000
  0.000  0.000  0.000  1.000
At time 1730268990.932642022
- Translation: [1.069, 0.163, 0.000]
- Rotation: in Quaternion [0.000, 0.000, -0.727, 0.686]
- Rotation: in RPY (radian) [0.000, 0.000, -1.628]
- Rotation: in RPY (degree) [0.000, 0.000, -93.296]
- Matrix:
 -0.057  0.998  0.000  1.069
 -0.998 -0.057 -0.000  0.163
 -0.000  0.000  1.000  0.000
  0.000  0.000  0.000  1.000
At time 1730268991.939786404
- Translation: [0.539, 0.039, 0.000]
- Rotation: in Quaternion [0.000, 0.000, -0.777, 0.629]
- Rotation: in RPY (radian) [0.000, 0.000, -1.781]
- Rotation: in RPY (degree) [0.000, 0.000, -102.017]
- Matrix:
 -0.208  0.978  0.000  0.539
 -0.978 -0.208 -0.000  0.039
 -0.000  0.000  1.000  0.000
  0.000  0.000  0.000  1.000
At time 1730268992.947660141
- Translation: [0.270, 0.010, 0.000]
- Rotation: in Quaternion [0.000, 0.000, -0.800, 0.600]
- Rotation: in RPY (radian) [0.000, 0.000, -1.854]
- Rotation: in RPY (degree) [0.000, 0.000, -106.206]
- Matrix:
 -0.279  0.960  0.000  0.270
 -0.960 -0.279 -0.000  0.010
 -0.000  0.000  1.000  0.000
  0.000  0.000  0.000  1.000
At time 1730268993.940085595
- Translation: [0.135, 0.002, 0.000]
- Rotation: in Quaternion [0.000, 0.000, -0.810, 0.586]
- Rotation: in RPY (radian) [0.000, 0.000, -1.889]
- Rotation: in RPY (degree) [0.000, 0.000, -108.251]
- Matrix:
 -0.313  0.950  0.000  0.135
 -0.950 -0.313 -0.000  0.002
 -0.000  0.000  1.000  0.000
  0.000  0.000  0.000  1.000
At time 1730268994.948197807
- Translation: [0.068, 0.001, 0.000]
- Rotation: in Quaternion [0.000, 0.000, -0.815, 0.579]
- Rotation: in RPY (radian) [0.000, 0.000, -1.907]
- Rotation: in RPY (degree) [0.000, 0.000, -109.262]
- Matrix:
 -0.330  0.944  0.000  0.068
 -0.944 -0.330 -0.000  0.001
 -0.000  0.000  1.000  0.000
  0.000  0.000  0.000  1.000
At time 1730268995.940304677
- Translation: [0.034, 0.000, 0.000]
- Rotation: in Quaternion [0.000, 0.000, -0.818, 0.575]
- Rotation: in RPY (radian) [0.000, 0.000, -1.916]
- Rotation: in RPY (degree) [0.000, 0.000, -109.757]
- Matrix:
 -0.338  0.941  0.000  0.034
 -0.941 -0.338 -0.000  0.000
 -0.000  0.000  1.000  0.000
  0.000  0.000  0.000  1.000
At time 1730268996.948075148
- Translation: [0.017, 0.000, 0.000]
- Rotation: in Quaternion [0.000, 0.000, -0.819, 0.574]
- Rotation: in RPY (radian) [0.000, 0.000, -1.920]
- Rotation: in RPY (degree) [0.000, 0.000, -110.002]
- Matrix:
 -0.342  0.940  0.000  0.017
 -0.940 -0.342 -0.000  0.000
 -0.000  0.000  1.000  0.000
  0.000  0.000  0.000  1.000
At time 1730268997.940154661
- Translation: [0.008, 0.000, 0.000]
- Rotation: in Quaternion [0.000, 0.000, -0.820, 0.573]
- Rotation: in RPY (radian) [0.000, 0.000, -1.922]
- Rotation: in RPY (degree) [0.000, 0.000, -110.122]
- Matrix:
 -0.344  0.939  0.000  0.008
 -0.939 -0.344 -0.000  0.000
 -0.000  0.000  1.000  0.000
  0.000  0.000  0.000  1.000
At time 1730268998.948183545
- Translation: [0.004, 0.000, 0.000]
- Rotation: in Quaternion [0.000, 0.000, -0.820, 0.572]
- Rotation: in RPY (radian) [0.000, 0.000, -1.923]
- Rotation: in RPY (degree) [0.000, 0.000, -110.181]
- Matrix:
 -0.345  0.939  0.000  0.004
 -0.939 -0.345 -0.000  0.000
 -0.000  0.000  1.000  0.000
  0.000  0.000  0.000  1.000
At time 1730268999.940712202
- Translation: [-0.563, -0.111, 0.000]
- Rotation: in Quaternion [0.000, 0.000, 0.995, -0.097]
- Rotation: in RPY (radian) [0.000, -0.000, -2.947]
- Rotation: in RPY (degree) [0.000, -0.000, -168.879]
- Matrix:
 -0.981  0.193  0.000 -0.563
 -0.193 -0.981  0.000 -0.111
  0.000  0.000  1.000  0.000
  0.000  0.000  0.000  1.000
At time 1730269000.932465092
- Translation: [-0.232, -1.623, 0.000]
- Rotation: in Quaternion [0.000, 0.000, -0.454, 0.891]
- Rotation: in RPY (radian) [0.000, 0.000, -0.942]
- Rotation: in RPY (degree) [0.000, 0.000, -53.979]
- Matrix:
  0.588  0.809  0.000 -0.232
 -0.809  0.588 -0.000 -1.623
 -0.000  0.000  1.000  0.000
  0.000  0.000  0.000  1.000
At time 1730269001.941056559
- Translation: [1.633, 1.202, 0.000]
- Rotation: in Quaternion [0.000, 0.000, 0.591, 0.807]
- Rotation: in RPY (radian) [0.000, -0.000, 1.264]
- Rotation: in RPY (degree) [0.000, -0.000, 72.439]
- Matrix:
  0.302 -0.953  0.000  1.633
  0.953  0.302  0.000  1.202
  0.000  0.000  1.000  0.000
  0.000  0.000  0.000  1.000
At time 1730269002.948079032
- Translation: [1.533, 1.136, 0.000]
- Rotation: in Quaternion [0.000, 0.000, 0.776, 0.631]
- Rotation: in RPY (radian) [0.000, -0.000, 1.776]
- Rotation: in RPY (degree) [0.000, -0.000, 101.754]
- Matrix:
 -0.204 -0.979  0.000  1.533
  0.979 -0.204  0.000  1.136
  0.000  0.000  1.000  0.000
  0.000  0.000  0.000  1.000
At time 1730269003.940505363
- Translation: [1.431, 1.400, 0.000]
- Rotation: in Quaternion [0.000, 0.000, 0.712, 0.702]
- Rotation: in RPY (radian) [0.000, -0.000, 1.586]
- Rotation: in RPY (degree) [0.000, -0.000, 90.865]
- Matrix:
 -0.015 -1.000  0.000  1.431
  1.000 -0.015  0.000  1.400
  0.000  0.000  1.000  0.000
  0.000  0.000  0.000  1.000
At time 1730269004.948047739
- Translation: [1.577, 1.673, 0.000]
- Rotation: in Quaternion [0.000, 0.000, 0.667, 0.745]
- Rotation: in RPY (radian) [0.000, -0.000, 1.462]
- Rotation: in RPY (degree) [0.000, -0.000, 83.743]
- Matrix:
  0.109 -0.994  0.000  1.577
  0.994  0.109  0.000  1.673
  0.000  0.000  1.000  0.000
  0.000  0.000  0.000  1.000
At time 1730269005.940979152
- Translation: [1.776, 1.577, 0.000]
- Rotation: in Quaternion [0.000, 0.000, 0.704, 0.711]
- Rotation: in RPY (radian) [0.000, -0.000, 1.561]
- Rotation: in RPY (degree) [0.000, -0.000, 89.438]
- Matrix:
  0.010 -1.000  0.000  1.776
  1.000  0.010  0.000  1.577
  0.000  0.000  1.000  0.000
  0.000  0.000  0.000  1.000
At time 1730269006.948223062
- Translation: [2.201, 1.581, 0.000]
- Rotation: in Quaternion [0.000, 0.000, 0.405, 0.914]
- Rotation: in RPY (radian) [0.000, -0.000, 0.835]
- Rotation: in RPY (degree) [0.000, -0.000, 47.825]
- Matrix:
  0.671 -0.741  0.000  2.201
  0.741  0.671  0.000  1.581
  0.000  0.000  1.000  0.000
  0.000  0.000  0.000  1.000
At time 1730269007.940826011
- Translation: [1.685, 0.857, 0.000]
- Rotation: in Quaternion [0.000, 0.000, 0.579, 0.816]
- Rotation: in RPY (radian) [0.000, -0.000, 1.234]
- Rotation: in RPY (degree) [0.000, -0.000, 70.716]
- Matrix:
  0.330 -0.944  0.000  1.685
  0.944  0.330  0.000  0.857
  0.000  0.000  1.000  0.000
  0.000  0.000  0.000  1.000
At time 1730269008.931984481
- Translation: [1.983, 1.350, 0.000]
- Rotation: in Quaternion [0.000, 0.000, 0.375, 0.927]
- Rotation: in RPY (radian) [0.000, -0.000, 0.770]
- Rotation: in RPY (degree) [0.000, -0.000, 44.104]
- Matrix:
  0.718 -0.696  0.000  1.983
  0.696  0.718  0.000  1.350
  0.000  0.000  1.000  0.000
  0.000  0.000  0.000  1.000
At time 1730269009.940469514
- Translation: [1.396, 0.652, 0.000]
- Rotation: in Quaternion [0.000, 0.000, 0.649, 0.761]
- Rotation: in RPY (radian) [0.000, -0.000, 1.413]
- Rotation: in RPY (degree) [0.000, -0.000, 80.974]
- Matrix:
  0.157 -0.988  0.000  1.396
  0.988  0.157  0.000  0.652
  0.000  0.000  1.000  0.000
  0.000  0.000  0.000  1.000
At time 1730269010.948262518
- Translation: [1.714, 1.480, 0.000]
- Rotation: in Quaternion [0.000, 0.000, 0.433, 0.901]
- Rotation: in RPY (radian) [0.000, -0.000, 0.897]
- Rotation: in RPY (degree) [0.000, -0.000, 51.375]
- Matrix:
  0.624 -0.781  0.000  1.714
  0.781  0.624  0.000  1.480
  0.000  0.000  1.000  0.000
  0.000  0.000  0.000  1.000
At time 1730269011.939802142
- Translation: [1.344, 0.384, 0.000]
- Rotation: in Quaternion [0.000, 0.000, 0.118, 0.993]
- Rotation: in RPY (radian) [0.000, -0.000, 0.237]
- Rotation: in RPY (degree) [0.000, -0.000, 13.566]
- Matrix:
  0.972 -0.235  0.000  1.344
  0.235  0.972  0.000  0.384
  0.000  0.000  1.000  0.000
  0.000  0.000  0.000  1.000
At time 1730269012.932629482
- Translation: [0.715, 0.096, 0.000]
- Rotation: in Quaternion [0.000, 0.000, -0.019, 1.000]
- Rotation: in RPY (radian) [0.000, 0.000, -0.038]
- Rotation: in RPY (degree) [0.000, 0.000, -2.189]
- Matrix:
  0.999  0.038  0.000  0.715
 -0.038  0.999 -0.000  0.096
 -0.000  0.000  1.000  0.000
  0.000  0.000  0.000  1.000
